20
0.00 1.13 0.96 0.92 1.63 1.16 0.58 0.33 0.59 1.60 0.45 0.93 1.03 1.10 0.75 1.73 1.00 0.72 0.60 1.30
1.13 0.00 1.43 0.81 0.91 1.24 1.05 1.26 1.68 0.90 1.19 1.01 1.19 0.98 1.19 0.54 0.85 1.21 0.55 1.20
0.96 1.43 0.00 1.53 1.09 1.19 0.68 0.68 0.86 1.59 1.32 1.50 1.17 1.53 0.84 1.02 1.56 0.74 1.35 0.92
0.92 0.81 1.53 0.00 0.70 1.10 1.08 1.18 1.19 0.93 1.06 0.84 0.89 0.48 1.16 0.81 1.21 1.33 1.04 0.87
1.63 0.91 1.09 0.70 0.00 1.02 0.94 1.49 1.36 0.58 1.70 1.18 0.70 1.13 1.33 0.53 1.00 1.40 1.67 0.64
1.16 1.24 1.19 1.10 1.02 0.00 0.96 0.99 0.91 0.32 0.92 1.01 0.85 0.53 1.30 0.88 1.00 0.94 1.39 1.01
0.58 1.05 0.68 1.08 0.94 0.96 0.00 0.87 1.09 1.28 1.00 1.56 0.52 1.33 0.71 1.21 1.33 0.85 1.21 0.89
0.33 1.26 0.68 1.18 1.49 0.99 0.87 0.00 0.55 1.50 0.65 0.76 1.30 1.08 1.37 1.37 1.15 0.49 0.89 0.96
0.59 1.68 0.86 1.19 1.36 0.91 1.09 0.55 0.00 1.10 0.59 1.01 1.29 1.24 0.79 1.53 0.72 0.37 0.90 0.95
1.60 0.90 1.59 0.93 0.58 0.32 1.28 1.50 1.10 0.00 1.08 0.88 0.80 0.62 1.29 0.64 0.58 1.15 1.25 0.87
0.45 1.19 1.32 1.06 1.70 0.92 1.00 0.65 0.59 1.08 0.00 0.51 0.78 0.64 0.75 1.52 0.78 0.57 0.36 0.87
0.93 1.01 1.50 0.84 1.18 1.01 1.56 0.76 1.01 0.88 0.51 0.00 0.85 0.46 1.41 1.25 0.66 1.23 0.74 0.97
1.03 1.19 1.17 0.89 0.70 0.85 0.52 1.30 1.29 0.80 0.78 0.85 0.00 0.75 0.82 1.21 1.06 1.33 1.28 0.68
1.10 0.98 1.53 0.48 1.13 0.53 1.33 1.08 1.24 0.62 0.64 0.46 0.75 0.00 1.30 0.78 1.24 1.23 0.97 0.83
0.75 1.19 0.84 1.16 1.33 1.30 0.71 1.37 0.79 1.29 0.75 1.41 0.82 1.30 0.00 1.43 0.94 0.97 0.67 1.26
1.73 0.54 1.02 0.81 0.53 0.88 1.21 1.37 1.53 0.64 1.52 1.25 1.21 0.78 1.43 0.00 1.38 1.00 1.20 0.58
1.00 0.85 1.56 1.21 1.00 1.00 1.33 1.15 0.72 0.58 0.78 0.66 1.06 1.24 0.94 1.38 0.00 1.04 0.67 1.32
0.72 1.21 0.74 1.33 1.40 0.94 0.85 0.49 0.37 1.15 0.57 1.23 1.33 1.23 0.97 1.00 1.04 0.00 0.68 0.54
0.60 0.55 1.35 1.04 1.67 1.39 1.21 0.89 0.90 1.25 0.36 0.74 1.28 0.97 0.67 1.20 0.67 0.68 0.00 1.18
1.30 1.20 0.92 0.87 0.64 1.01 0.89 0.96 0.95 0.87 0.87 0.97 0.68 0.83 1.26 0.58 1.32 0.54 1.18 0.00
