{
 "cells": [
  {
   "cell_type": "code",
   "execution_count": 16,
   "metadata": {},
   "outputs": [],
   "source": [
    "import numpy as np\n",
    "import queue"
   ]
  },
  {
   "cell_type": "raw",
   "metadata": {},
   "source": [
    " Sample Input:\n",
    "\n",
    "4\n",
    "0->4:11\n",
    "1->4:2\n",
    "2->5:6\n",
    "3->5:7\n",
    "4->0:11\n",
    "4->1:2\n",
    "4->5:4\n",
    "5->4:4\n",
    "5->3:7\n",
    "5->2:6\n",
    "\n",
    "Sample Output:\n",
    "\n",
    "0\t13\t21\t22\n",
    "13\t0\t12\t13\n",
    "21\t12\t0\t13\n",
    "22\t13\t13\t0"
   ]
  },
  {
   "cell_type": "code",
   "execution_count": 34,
   "metadata": {},
   "outputs": [],
   "source": [
    "n =4\n",
    "AdjacencyDict = {0:[(4,11)],\n",
    "                 1:[(4,2)],\n",
    "                 2:[(5,6)],\n",
    "                3:[(5,7)],\n",
    "                4:[(0,11),(1,2),(5,4)],\n",
    "                5:[(4,4),(3,7),(2,6)]}"
   ]
  },
  {
   "cell_type": "code",
   "execution_count": 25,
   "metadata": {},
   "outputs": [
    {
     "data": {
      "text/plain": [
       "{0: [(4, 11)],\n",
       " 1: [(4, 2)],\n",
       " 2: [(5, 6)],\n",
       " 3: [(5, 7)],\n",
       " 4: [(0, 11), (1, 2), (5, 4)],\n",
       " 5: [(4, 4), (3, 7)]}"
      ]
     },
     "execution_count": 25,
     "metadata": {},
     "output_type": "execute_result"
    }
   ],
   "source": [
    "AdjacencyDict"
   ]
  },
  {
   "cell_type": "code",
   "execution_count": 38,
   "metadata": {},
   "outputs": [],
   "source": [
    "def calculatedistanceMatrix(n, AdjacencyDict):\n",
    "    distanceMatrix = np.zeros([n,n]).astype(int)\n",
    "    for i in range(n):\n",
    "        dist = dict()\n",
    "        q = queue.Queue()\n",
    "        dist[i] = 0\n",
    "        q.put(i)\n",
    "        while not q.empty():\n",
    "            currNode = q.get()\n",
    "            for node, weight in AdjacencyDict[currNode]:\n",
    "                if not node in dist:\n",
    "                    dist[node] = dist[currNode] + weight\n",
    "                    if node < n:\n",
    "                        distanceMatrix[i][node] = dist[node]\n",
    "                    q.put(node)\n",
    "    return distanceMatrix\n",
    "                        "
   ]
  },
  {
   "cell_type": "code",
   "execution_count": 40,
   "metadata": {},
   "outputs": [],
   "source": [
    "distanceMatrix = calculateDistMatrix(n, AdjacencyDict)"
   ]
  },
  {
   "cell_type": "code",
   "execution_count": 42,
   "metadata": {},
   "outputs": [
    {
     "name": "stdout",
     "output_type": "stream",
     "text": [
      "0 13 21 22\n",
      "13 0 12 13\n",
      "21 12 0 13\n",
      "22 13 13 0\n"
     ]
    }
   ],
   "source": [
    "for d in distanceMatrix:\n",
    "    print(' '.join([str(i) for i in d]))"
   ]
  },
  {
   "cell_type": "code",
   "execution_count": 52,
   "metadata": {},
   "outputs": [],
   "source": [
    "n = 0\n",
    "AdjacencyDict = dict()\n",
    "file = open('dataset_369348_12.txt', 'r') \n",
    "for i, line in enumerate(file):\n",
    "    line=line.rstrip('\\n')\n",
    "    if(i==0):\n",
    "        n = int(line)\n",
    "    else:\n",
    "        edge = line.split('->')\n",
    "        node1 = int(edge[0])\n",
    "        node2,weight = edge[1].split(':')\n",
    "        node2 = int(node2)\n",
    "        weight = int(weight)\n",
    "        if node1 in AdjacencyDict.keys():\n",
    "            AdjacencyDict[node1].append((node2, weight))\n",
    "        else:\n",
    "            AdjacencyDict[node1] = [(node2,weight)]\n",
    "            "
   ]
  },
  {
   "cell_type": "code",
   "execution_count": 53,
   "metadata": {},
   "outputs": [],
   "source": [
    "distanceMatrix = calculateDistMatrix(n, AdjacencyDict)"
   ]
  },
  {
   "cell_type": "code",
   "execution_count": 54,
   "metadata": {},
   "outputs": [
    {
     "name": "stdout",
     "output_type": "stream",
     "text": [
      "0 117 213 302 273 27 86 251 262 61 136 268 122 80 283 289 243 177 196 162 298 34 58 204 173 42 231 95 147 27 106 222\n",
      "117 0 120 209 180 122 51 158 169 68 43 175 29 63 190 196 150 84 103 69 205 99 83 111 80 85 138 38 54 122 33 129\n",
      "213 120 0 115 86 218 147 64 75 164 93 81 103 159 96 102 56 54 45 77 111 195 179 27 62 181 44 134 86 218 129 35\n",
      "302 209 115 0 51 307 236 69 70 253 182 60 192 248 35 31 85 143 134 166 18 284 268 116 151 270 99 223 175 307 218 100\n",
      "273 180 86 51 0 278 207 40 41 224 153 31 163 219 32 38 56 114 105 137 47 255 239 87 122 241 70 194 146 278 189 71\n",
      "27 122 218 307 278 0 91 256 267 66 141 273 127 85 288 294 248 182 201 167 303 39 63 209 178 47 236 100 152 12 111 227\n",
      "86 51 147 236 207 91 0 185 196 37 70 202 56 32 217 223 177 111 130 96 232 68 52 138 107 54 165 29 81 91 40 156\n",
      "251 158 64 69 40 256 185 0 29 202 131 35 141 197 50 56 34 92 83 115 65 233 217 65 100 219 48 172 124 256 167 49\n",
      "262 169 75 70 41 267 196 29 0 213 142 36 152 208 51 57 45 103 94 126 66 244 228 76 111 230 59 183 135 267 178 60\n",
      "61 68 164 253 224 66 37 202 213 0 87 219 73 31 234 240 194 128 147 113 249 43 27 155 124 29 182 46 98 66 57 173\n",
      "136 43 93 182 153 141 70 131 142 87 0 148 26 82 163 169 123 57 76 42 178 118 102 84 53 104 111 57 27 141 52 102\n",
      "268 175 81 60 31 273 202 35 36 219 148 0 158 214 41 47 51 109 100 132 56 250 234 82 117 236 65 189 141 273 184 66\n",
      "122 29 103 192 163 127 56 141 152 73 26 158 0 68 173 179 133 67 86 52 188 104 88 94 63 90 121 43 37 127 38 112\n",
      "80 63 159 248 219 85 32 197 208 31 82 214 68 0 229 235 189 123 142 108 244 62 46 150 119 48 177 41 93 85 52 168\n",
      "283 190 96 35 32 288 217 50 51 234 163 41 173 229 0 22 66 124 115 147 31 265 249 97 132 251 80 204 156 288 199 81\n",
      "289 196 102 31 38 294 223 56 57 240 169 47 179 235 22 0 72 130 121 153 27 271 255 103 138 257 86 210 162 294 205 87\n",
      "243 150 56 85 56 248 177 34 45 194 123 51 133 189 66 72 0 84 75 107 81 225 209 57 92 211 40 164 116 248 159 41\n",
      "177 84 54 143 114 182 111 92 103 128 57 109 67 123 124 130 84 0 37 41 139 159 143 45 26 145 72 98 50 182 93 63\n",
      "196 103 45 134 105 201 130 83 94 147 76 100 86 142 115 121 75 37 0 60 130 178 162 36 45 164 63 117 69 201 112 54\n",
      "162 69 77 166 137 167 96 115 126 113 42 132 52 108 147 153 107 41 60 0 162 144 128 68 37 130 95 83 35 167 78 86\n",
      "298 205 111 18 47 303 232 65 66 249 178 56 188 244 31 27 81 139 130 162 0 280 264 112 147 266 95 219 171 303 214 96\n",
      "34 99 195 284 255 39 68 233 244 43 118 250 104 62 265 271 225 159 178 144 280 0 40 186 155 24 213 77 129 39 88 204\n",
      "58 83 179 268 239 63 52 217 228 27 102 234 88 46 249 255 209 143 162 128 264 40 0 170 139 26 197 61 113 63 72 188\n",
      "204 111 27 116 87 209 138 65 76 155 84 82 94 150 97 103 57 45 36 68 112 186 170 0 53 172 45 125 77 209 120 36\n",
      "173 80 62 151 122 178 107 100 111 124 53 117 63 119 132 138 92 26 45 37 147 155 139 53 0 141 80 94 46 178 89 71\n",
      "42 85 181 270 241 47 54 219 230 29 104 236 90 48 251 257 211 145 164 130 266 24 26 172 141 0 199 63 115 47 74 190\n",
      "231 138 44 99 70 236 165 48 59 182 111 65 121 177 80 86 40 72 63 95 95 213 197 45 80 199 0 152 104 236 147 29\n",
      "95 38 134 223 194 100 29 172 183 46 57 189 43 41 204 210 164 98 117 83 219 77 61 125 94 63 152 0 68 100 27 143\n",
      "147 54 86 175 146 152 81 124 135 98 27 141 37 93 156 162 116 50 69 35 171 129 113 77 46 115 104 68 0 152 63 95\n",
      "27 122 218 307 278 12 91 256 267 66 141 273 127 85 288 294 248 182 201 167 303 39 63 209 178 47 236 100 152 0 111 227\n",
      "106 33 129 218 189 111 40 167 178 57 52 184 38 52 199 205 159 93 112 78 214 88 72 120 89 74 147 27 63 111 0 138\n",
      "222 129 35 100 71 227 156 49 60 173 102 66 112 168 81 87 41 63 54 86 96 204 188 36 71 190 29 143 95 227 138 0\n"
     ]
    }
   ],
   "source": [
    "for d in distanceMatrix:\n",
    "    print(' '.join([str(i) for i in d]))"
   ]
  },
  {
   "cell_type": "code",
   "execution_count": null,
   "metadata": {},
   "outputs": [],
   "source": []
  }
 ],
 "metadata": {
  "kernelspec": {
   "display_name": "Python 3",
   "language": "python",
   "name": "python3"
  },
  "language_info": {
   "codemirror_mode": {
    "name": "ipython",
    "version": 3
   },
   "file_extension": ".py",
   "mimetype": "text/x-python",
   "name": "python",
   "nbconvert_exporter": "python",
   "pygments_lexer": "ipython3",
   "version": "3.7.3"
  }
 },
 "nbformat": 4,
 "nbformat_minor": 4
}
