28
0 788 1284 1221 1419 1281 1480 963 1520 804 1026 1087 1310 1279 1122 1344 1203 1053 945 920 1047 1174 913 1082 1420 1493 1342 1487 
788 0 859 847 961 806 1382 1003 947 1542 1033 858 1123 813 1463 822 1438 1015 1282 1423 994 1285 1397 1097 1421 854 868 1118 
1284 859 0 938 881 969 1517 929 857 1303 1280 1034 1357 886 1080 1302 1351 1383 1216 1134 841 1355 978 1325 862 1219 835 1135 
1221 847 938 0 1516 1292 968 1225 953 1247 1352 1341 814 1254 1373 999 1084 1521 850 1366 1556 1312 1460 1250 1079 1242 906 1043 
1419 961 881 1516 0 817 1260 1201 860 1157 1456 1070 1296 1246 1564 908 1065 1206 1479 1289 1443 1547 1434 957 1565 1089 1546 890 
1281 806 969 1292 817 0 916 842 1133 1389 1243 1204 1012 921 1214 1017 1148 1347 964 1188 1393 1184 1566 794 1035 1388 830 1543 
1480 1382 1517 968 1260 916 0 1519 1044 1198 1019 955 1567 882 1507 1410 1360 1387 1343 1512 805 1502 1429 1562 1489 1227 1098 1228 
963 1003 929 1225 1201 842 1519 0 1187 1102 1462 1501 1202 1386 1416 1141 1491 928 1511 1209 1200 1349 1445 1557 1105 1526 1252 995 
1520 947 857 953 860 1133 1044 1187 0 954 1130 979 839 1103 933 1268 789 1529 1266 1077 848 1042 1406 1454 1159 1143 1011 1433 
804 1542 1303 1247 1157 1389 1198 1102 954 0 937 1117 1320 1442 1524 1194 791 1495 866 1009 1060 1313 958 1230 1299 1375 960 1353 
1026 1033 1280 1352 1456 1243 1019 1462 1130 937 0 1492 795 1458 1051 973 823 1093 1165 872 843 1162 1364 1147 874 1161 1368 1006 
1087 858 1034 1341 1070 1204 955 1501 979 1117 1492 0 1407 1408 1253 1013 1309 1124 1067 909 893 1497 1178 1078 1190 1179 1059 1338 
1310 1123 1357 814 1296 1012 1567 1202 839 1320 795 1407 0 1176 884 922 970 1099 1560 1112 865 975 1024 1548 1324 1498 1195 1334 
1279 813 886 1254 1246 921 882 1386 1103 1442 1458 1408 1176 0 1232 1481 911 1096 1371 1008 1561 1427 1317 1321 1256 1538 1450 1490 
1122 1463 1080 1373 1564 1214 1507 1416 933 1524 1051 1253 884 1232 0 1409 966 1504 1172 1551 1275 1374 1335 923 1370 959 1271 1115 
1344 822 1302 999 908 1017 1410 1141 1268 1194 973 1013 922 1481 1409 0 1554 1331 873 800 1486 1469 1287 1091 962 1465 1318 1037 
1203 1438 1351 1084 1065 1148 1360 1491 789 791 823 1309 970 911 966 1554 0 1466 1222 936 965 1446 1030 1300 1257 1278 856 1000 
1053 1015 1383 1521 1206 1347 1387 928 1529 1495 1093 1124 1099 1096 1504 1331 1466 0 924 1453 1308 1238 1048 1240 1415 1175 1168 926 
945 1282 1216 850 1479 964 1343 1511 1266 866 1165 1067 1560 1371 1172 873 1222 924 0 1110 793 869 1476 1273 1514 1400 891 1485 
920 1423 1134 1366 1289 1188 1512 1209 1077 1009 872 909 1112 1008 1551 800 936 1453 1110 0 1484 1191 1530 1330 894 1138 802 1372 
1047 994 841 1556 1443 1393 805 1200 848 1060 843 893 865 1561 1275 1486 965 1308 793 1484 0 1116 1154 799 1040 1385 1345 992 
1174 1285 1355 1312 1547 1184 1502 1349 1042 1313 1162 1497 975 1427 1374 1469 1446 1238 869 1191 1116 0 1264 1076 1367 1164 1269 833 
913 1397 978 1460 1434 1566 1429 1445 1406 958 1364 1178 1024 1317 1335 1287 1030 1048 1476 1530 1154 1264 0 846 877 810 1020 1340 
1082 1097 1325 1250 957 794 1562 1557 1454 1230 1147 1078 1548 1321 923 1091 1300 1240 1273 1330 799 1076 846 0 895 785 1007 1170 
1420 1421 862 1079 1565 1035 1489 1105 1159 1299 874 1190 1324 1256 1370 962 1257 1415 1514 894 1040 1367 877 895 0 903 1488 1160 
1493 854 1219 1242 1089 1388 1227 1526 1143 1375 1161 1179 1498 1538 959 1465 1278 1175 1400 1138 1385 1164 810 785 903 0 1267 1384 
1342 868 835 906 1546 830 1098 1252 1011 960 1368 1059 1195 1450 1271 1318 856 1168 891 802 1345 1269 1020 1007 1488 1267 0 1550 
1487 1118 1135 1043 890 1543 1228 995 1433 1353 1006 1338 1334 1490 1115 1037 1000 926 1485 1372 992 833 1340 1170 1160 1384 1550 0 
