24
5
0 5630 11395 2820 11117 9714 4048 10578 8839 1359 7518 11677 6716 6715 8083 4820 2896 7675 1924 2260 1730 8000 5401 6942
5630 0 6385 4582 6107 4704 2540 5568 3829 5887 2508 6667 1706 1705 3073 2416 3094 2665 3906 4582 5390 2990 2123 1932
11395 6385 0 10347 494 1883 8305 1535 2816 11652 5829 544 6569 5456 3500 8181 8859 4730 9671 10347 11155 3873 7888 6331
2820 4582 10347 0 10069 8666 3000 9530 7791 3077 6470 10629 5668 5667 7035 3772 1848 6627 1096 1772 2580 6952 4353 5894
11117 6107 494 10069 0 1605 8027 1257 2538 11374 5551 776 6291 5178 3222 7903 8581 4452 9393 10069 10877 3595 7610 6053
9714 4704 1883 8666 1605 0 6624 1066 1135 9971 4148 2165 4888 3775 1819 6500 7178 3049 7990 8666 9474 2192 6207 4650
4048 2540 8305 3000 8027 6624 0 7488 5749 4305 4428 8587 3626 3625 4993 1730 1512 4585 2324 3000 3808 4910 2311 3852
10578 5568 1535 9530 1257 1066 7488 0 1999 10835 5012 1817 5752 4639 2683 7364 8042 3913 8854 9530 10338 3056 7071 5514
8839 3829 2816 7791 2538 1135 5749 1999 0 9096 3273 3098 4013 2900 944 5625 6303 2174 7115 7791 8599 1317 5332 3775
1359 5887 11652 3077 11374 9971 4305 10835 9096 0 7775 11934 6973 6972 8340 5077 3153 7932 2181 2517 1987 8257 5658 7199
7518 2508 5829 6470 5551 4148 4428 5012 3273 7775 0 6111 2692 1579 2517 4304 4982 2109 5794 6470 7278 2434 4011 2454
11677 6667 544 10629 776 2165 8587 1817 3098 11934 6111 0 6851 5738 3782 8463 9141 5012 9953 10629 11437 4155 8170 6613
6716 1706 6569 5668 6291 4888 3626 5752 4013 6973 2692 6851 0 1889 3257 3502 4180 2849 4992 5668 6476 3174 3209 2116
6715 1705 5456 5667 5178 3775 3625 4639 2900 6972 1579 5738 1889 0 2144 3501 4179 1736 4991 5667 6475 2061 3208 1651
8083 3073 3500 7035 3222 1819 4993 2683 944 8340 2517 3782 3257 2144 0 4869 5547 1418 6359 7035 7843 561 4576 3019
4820 2416 8181 3772 7903 6500 1730 7364 5625 5077 4304 8463 3502 3501 4869 0 2284 4461 3096 3772 4580 4786 2187 3728
2896 3094 8859 1848 8581 7178 1512 8042 6303 3153 4982 9141 4180 4179 5547 2284 0 5139 1172 1848 2656 5464 2865 4406
7675 2665 4730 6627 4452 3049 4585 3913 2174 7932 2109 5012 2849 1736 1418 4461 5139 0 5951 6627 7435 1335 4168 2611
1924 3906 9671 1096 9393 7990 2324 8854 7115 2181 5794 9953 4992 4991 6359 3096 1172 5951 0 876 1684 6276 3677 5218
2260 4582 10347 1772 10069 8666 3000 9530 7791 2517 6470 10629 5668 5667 7035 3772 1848 6627 876 0 2020 6952 4353 5894
1730 5390 11155 2580 10877 9474 3808 10338 8599 1987 7278 11437 6476 6475 7843 4580 2656 7435 1684 2020 0 7760 5161 6702
8000 2990 3873 6952 3595 2192 4910 3056 1317 8257 2434 4155 3174 2061 561 4786 5464 1335 6276 6952 7760 0 4493 2936
5401 2123 7888 4353 7610 6207 2311 7071 5332 5658 4011 8170 3209 3208 4576 2187 2865 4168 3677 4353 5161 4493 0 3435
6942 1932 6331 5894 6053 4650 3852 5514 3775 7199 2454 6613 2116 1651 3019 3728 4406 2611 5218 5894 6702 2936 3435 0
