32
0 1819 1294 1661 1185 1917 1029 1510 1741 1894 1790 1394 1250 1252 1709 1655 1414 1676 1541 1431 1886 1717 1688 1268 1071 1663 1164 1145 1905 1193 1536 1682 
1819 0 1972 1838 1953 1267 1788 1329 1317 1162 1908 1303 1126 2010 1548 2002 1060 1487 1996 1862 1325 1312 1720 2048 1387 1562 1998 1842 1512 1444 1302 1408 
1294 1972 0 1266 1482 1471 1547 1825 1118 1622 1335 1217 1975 1983 1502 2044 1679 1450 1195 1833 1753 1369 1793 1087 1762 1508 1559 1795 1093 1096 1546 1847 
1661 1838 1266 0 1235 1951 1687 1421 1045 1186 1321 1479 1159 1811 1815 1442 1899 1265 1540 1190 2046 1803 2017 1378 1791 1849 1316 1826 1306 1974 1237 1699 
1185 1953 1482 1235 0 1158 1259 1649 1456 1617 1700 1452 1209 1685 1716 1668 1755 1850 1903 1311 1127 1353 1869 1522 2009 1569 2024 1831 1500 2019 1919 1959 
1917 1267 1471 1951 1158 0 1498 1843 2025 1297 1036 1178 1496 1586 1120 1581 1912 2018 1102 1106 1644 1174 1425 1692 1342 1455 1271 1854 1398 1454 1203 1784 
1029 1788 1547 1687 1259 1498 0 1244 1583 1341 1571 1336 1820 1348 1478 1331 1072 1326 1616 1518 1893 1382 1873 1985 1188 1229 1727 1388 1445 1636 1730 1989 
1510 1329 1825 1421 1649 1843 1244 0 1481 1994 1754 1724 1389 1729 1629 1609 1624 1160 1866 1263 1490 1090 1576 1441 1942 1048 1296 1197 1269 1130 1962 1520 
1741 1317 1118 1045 1456 2025 1583 1481 0 1225 1684 1430 1665 1189 1965 1390 1207 1292 1418 1956 1597 1150 1851 1119 1592 1179 1261 1410 1507 1132 1232 1798 
1894 1162 1622 1186 1617 1297 1341 1994 1225 0 1947 1786 2022 1391 1667 1725 1745 2030 1495 1816 1608 1926 1273 1035 1354 1654 2003 1722 1992 1630 1367 1152 
1790 1908 1335 1321 1700 1036 1571 1754 1684 1947 0 1728 1270 2047 1549 1239 1761 1673 1351 1757 1241 1535 1602 1923 1848 1406 1810 1358 1662 1260 1671 1970 
1394 1303 1217 1479 1452 1178 1336 1724 1430 1786 1728 0 1290 1941 1114 1516 1834 1064 1289 1948 1904 2000 1446 1308 1433 1449 1234 1895 1776 1792 1593 1533 
1250 1126 1975 1159 1209 1496 1820 1389 1665 2022 1270 1290 0 1861 1743 1883 1888 1352 1524 1115 1557 1712 1563 1397 1650 1876 1104 1936 1829 1180 1605 1485 
1252 2010 1983 1811 1685 1586 1348 1729 1189 1391 2047 1941 1861 0 1589 1488 1944 1736 1612 1489 1062 1822 1841 1742 1735 1938 1034 1964 1643 1472 1823 1356 
1709 1548 1502 1815 1716 1120 1478 1629 1965 1667 1549 1114 1743 1589 0 1111 1334 1099 1251 2013 1637 1474 1423 1889 1613 1434 1085 1383 1760 1669 1063 1226 
1655 2002 2044 1442 1668 1581 1331 1609 1390 1725 1239 1516 1883 1488 1111 0 1737 1346 1921 1928 1990 1466 1845 1469 1121 1140 1774 1872 1991 1221 1892 1213 
1414 1060 1679 1899 1755 1912 1072 1624 1207 1745 1761 1834 1888 1944 1334 1737 0 1853 1984 1396 1594 1556 1344 2045 1932 1138 1503 1440 1451 1812 1499 1590 
1676 1487 1450 1265 1850 2018 1326 1160 1292 2030 1673 1064 1352 1736 1099 1346 1853 0 1050 1638 1902 1771 1314 1092 1083 1460 1458 1230 1933 1554 2007 1881 
1541 1996 1195 1540 1903 1102 1616 1866 1418 1495 1351 1289 1524 1612 1251 1921 1984 1050 0 1911 1318 1167 1480 1708 1128 1457 2039 1604 1046 1170 1080 1703 
1431 1862 1833 1190 1311 1106 1518 1263 1956 1816 1757 1948 1115 1489 2013 1928 1396 1638 1911 0 1517 1620 1438 2021 1960 1379 1277 1830 1483 1901 1024 1659 
1886 1325 1753 2046 1127 1644 1893 1490 1597 1608 1241 1904 1557 1062 1637 1990 1594 1902 1318 1517 0 1395 1973 1539 1437 1345 1219 1635 1245 1073 1814 1505 
1717 1312 1369 1803 1353 1174 1382 1090 1150 1926 1535 2000 1712 1822 1474 1466 1556 1771 1167 1620 1395 0 1713 1555 1715 1767 1435 1257 1870 1222 1813 1585 
1688 1720 1793 2017 1869 1425 1873 1576 1851 1273 1602 1446 1563 1841 1423 1845 1344 1314 1480 1438 1973 1713 0 1779 1443 1839 1514 2031 1678 1462 1686 1031 
1268 2048 1087 1378 1522 1692 1985 1441 1119 1035 1923 1308 1397 1742 1889 1469 2045 1092 1708 2021 1539 1555 1779 0 1419 2020 1098 1110 1750 1392 1453 1871 
1071 1387 1762 1791 2009 1342 1188 1942 1592 1354 1848 1433 1650 1735 1613 1121 1932 1083 1128 1960 1437 1715 1443 1419 0 1310 1764 1212 1598 2043 1681 1971 
1663 1562 1508 1849 1569 1455 1229 1048 1179 1654 1406 1449 1876 1938 1434 1140 1138 1460 1457 1379 1345 1767 1839 2020 1310 0 1752 1309 1281 1427 1147 1734 
1164 1998 1559 1316 2024 1271 1727 1296 1261 2003 1810 1234 1104 1034 1085 1774 1503 1458 2039 1277 1219 1435 1514 1098 1764 1752 0 1807 1693 1131 1095 1461 
1145 1842 1795 1826 1831 1854 1388 1197 1410 1722 1358 1895 1936 1964 1383 1872 1440 1230 1604 1830 1635 1257 2031 1110 1212 1309 1807 0 1805 1891 1806 1143 
1905 1512 1093 1306 1500 1398 1445 1269 1507 1992 1662 1776 1829 1643 1760 1991 1451 1933 1046 1483 1245 1870 1678 1750 1598 1281 1693 1805 0 1986 1558 1914 
1193 1444 1096 1974 2019 1454 1636 1130 1132 1630 1260 1792 1180 1472 1669 1221 1812 1554 1170 1901 1073 1222 1462 1392 2043 1427 1131 1891 1986 0 1957 1525 
1536 1302 1546 1237 1919 1203 1730 1962 1232 1367 1671 1593 1605 1823 1063 1892 1499 2007 1080 1024 1814 1813 1686 1453 1681 1147 1095 1806 1558 1957 0 1564 
1682 1408 1847 1699 1959 1784 1989 1520 1798 1152 1970 1533 1485 1356 1226 1213 1590 1881 1703 1659 1505 1585 1031 1871 1971 1734 1461 1143 1914 1525 1564 0 
