26
0 4378 6197 7441 8079 10465 13289 6974 1277 2555 2205 7123 10851 8503 1660 4129 3793 11905 2854 12683 12732 13212 2765 5329 9608 5299
4378 0 2661 3905 4543 6929 9753 3438 3277 2587 4727 3587 7315 4967 3116 1215 2281 8369 5376 9147 9196 9676 1889 1793 6072 1763
6197 2661 0 2818 3456 5842 8666 2351 5096 4406 6546 2500 6228 3880 4935 3034 4100 7282 7195 8060 8109 8589 3708 1904 4985 1756
7441 3905 2818 0 1330 3716 6540 1617 6340 5650 7790 1286 4102 1754 6179 4278 5344 5156 8439 5934 5983 6463 4952 3148 2859 3000
8079 4543 3456 1330 0 2602 5426 2255 6978 6288 8428 1924 2988 640 6817 4916 5982 4042 9077 4820 4869 5349 5590 3786 1745 3638
10465 6929 5842 3716 2602 0 4466 4641 9364 8674 10814 4310 2028 2506 9203 7302 8368 3082 11463 3860 3909 4389 7976 6172 2377 6024
13289 9753 8666 6540 5426 4466 0 7465 12188 11498 13638 7134 3190 5330 12027 10126 11192 2368 14287 2396 989 595 10800 8996 5201 8848
6974 3438 2351 1617 2255 4641 7465 0 5873 5183 7323 1299 5027 2679 5712 3811 4877 6081 7972 6859 6908 7388 4485 2681 3784 2533
1277 3277 5096 6340 6978 9364 12188 5873 0 1454 1626 6022 9750 7402 559 3028 2692 10804 2275 11582 11631 12111 1664 4228 8507 4198
2555 2587 4406 5650 6288 8674 11498 5183 1454 0 2904 5332 9060 6712 1293 2338 2002 10114 3553 10892 10941 11421 974 3538 7817 3508
2205 4727 6546 7790 8428 10814 13638 7323 1626 2904 0 7472 11200 8852 2009 4478 4142 12254 1307 13032 13081 13561 3114 5678 9957 5648
7123 3587 2500 1286 1924 4310 7134 1299 6022 5332 7472 0 4696 2348 5861 3960 5026 5750 8121 6528 6577 7057 4634 2830 3453 2682
10851 7315 6228 4102 2988 2028 3190 5027 9750 9060 11200 4696 0 2892 9589 7688 8754 1806 11849 2584 2633 3113 8362 6558 2763 6410
8503 4967 3880 1754 640 2506 5330 2679 7402 6712 8852 2348 2892 0 7241 5340 6406 3946 9501 4724 4773 5253 6014 4210 1649 4062
1660 3116 4935 6179 6817 9203 12027 5712 559 1293 2009 5861 9589 7241 0 2867 2531 10643 2658 11421 11470 11950 1503 4067 8346 4037
4129 1215 3034 4278 4916 7302 10126 3811 3028 2338 4478 3960 7688 5340 2867 0 2032 8742 5127 9520 9569 10049 1640 2166 6445 2136
3793 2281 4100 5344 5982 8368 11192 4877 2692 2002 4142 5026 8754 6406 2531 2032 0 9808 4791 10586 10635 11115 1304 3232 7511 3202
11905 8369 7282 5156 4042 3082 2368 6081 10804 10114 12254 5750 1806 3946 10643 8742 9808 0 12903 1762 1811 2291 9416 7612 3817 7464
2854 5376 7195 8439 9077 11463 14287 7972 2275 3553 1307 8121 11849 9501 2658 5127 4791 12903 0 13681 13730 14210 3763 6327 10606 6297
12683 9147 8060 5934 4820 3860 2396 6859 11582 10892 13032 6528 2584 4724 11421 9520 10586 1762 13681 0 1839 2319 10194 8390 4595 8242
12732 9196 8109 5983 4869 3909 989 6908 11631 10941 13081 6577 2633 4773 11470 9569 10635 1811 13730 1839 0 912 10243 8439 4644 8291
13212 9676 8589 6463 5349 4389 595 7388 12111 11421 13561 7057 3113 5253 11950 10049 11115 2291 14210 2319 912 0 10723 8919 5124 8771
2765 1889 3708 4952 5590 7976 10800 4485 1664 974 3114 4634 8362 6014 1503 1640 1304 9416 3763 10194 10243 10723 0 2840 7119 2810
5329 1793 1904 3148 3786 6172 8996 2681 4228 3538 5678 2830 6558 4210 4067 2166 3232 7612 6327 8390 8439 8919 2840 0 5315 1006
9608 6072 4985 2859 1745 2377 5201 3784 8507 7817 9957 3453 2763 1649 8346 6445 7511 3817 10606 4595 4644 5124 7119 5315 0 5167
5299 1763 1756 3000 3638 6024 8848 2533 4198 3508 5648 2682 6410 4062 4037 2136 3202 7464 6297 8242 8291 8771 2810 1006 5167 0
